#Period                           :500.223450
#Sampling Interval                :0.234000
#Total no. of lines is 3(including this line) and the numeric values at each line start from the 36th character
0.000000 0.199919
0.000468 0.200346
0.000936 0.201371
0.001404 0.202056
0.001873 0.202738
0.002341 0.203765
0.002809 0.204445
0.003277 0.205132
0.003745 0.206155
0.004213 0.206839
0.004682 0.207861
0.005150 0.208548
0.005618 0.209235
0.006086 0.210256
0.006554 0.210940
0.007022 0.211623
0.007491 0.212654
0.007959 0.213679
0.008427 0.214009
0.008895 0.215040
0.009363 0.216066
0.009831 0.216756
0.010300 0.217418
0.010768 0.217782
0.011236 0.218799
0.011704 0.220166
0.012172 0.220158
0.012640 0.221201
0.013109 0.222226
0.013577 0.222558
0.014045 0.223584
0.014513 0.224609
0.014981 0.224961
0.015449 0.225976
0.015918 0.226989
0.016386 0.227684
0.016854 0.228710
0.017322 0.229406
0.017790 0.230077
0.018258 0.230760
0.018727 0.231785
0.019195 0.232482
0.019663 0.233508
0.020131 0.234163
0.020599 0.234876
0.021067 0.235886
0.021536 0.236585
0.022004 0.237221
0.022472 0.238294
0.022940 0.239303
0.023408 0.239987
0.023876 0.240653
0.024345 0.241713
0.024813 0.242055
0.025281 0.243062
0.025749 0.244087
0.026217 0.244429
0.026685 0.245132
0.027154 0.245796
0.027622 0.246801
0.028090 0.247505
0.028558 0.248530
0.029026 0.249234
0.029494 0.249875
0.029963 0.250602
0.030431 0.251605
0.030899 0.252653
0.031367 0.253291
0.031835 0.254021
0.032303 0.255046
0.032772 0.255706
0.033240 0.256366
0.033708 0.257757
0.034176 0.258123
0.034644 0.259123
0.035112 0.260123
0.035581 0.260490
0.036049 0.261542
0.036517 0.262226
0.036985 0.262856
0.037453 0.263935
0.037921 0.264933
0.038390 0.265303
0.038858 0.266243
0.039326 0.267354
0.039794 0.267667
0.040262 0.269034
0.040730 0.269687
0.041199 0.270742
0.041667 0.271114
0.042135 0.271767
0.042603 0.272451
0.043071 0.273134
0.043539 0.273849
0.044007 0.274875
0.044476 0.275494
0.044944 0.276210
0.045412 0.277577
0.045880 0.277952
0.046348 0.279218
0.046816 0.279661
0.047285 0.280311
0.047753 0.281371
0.048221 0.281984
0.048689 0.282738
0.049157 0.283764
0.049625 0.284753
0.050094 0.285059
0.050562 0.286462
0.051030 0.287183
0.051498 0.287487
0.051966 0.288816
0.052434 0.289537
0.052903 0.290563
0.053371 0.290943
0.053839 0.291929
0.054307 0.292271
0.054775 0.293296
0.055243 0.294020
0.055712 0.294704
0.056180 0.295648
0.056648 0.296714
0.057116 0.297397
0.057584 0.298123
0.058052 0.299363
0.058521 0.299832
0.058989 0.300473
0.059457 0.301541
0.059925 0.302138
0.060393 0.302909
0.060861 0.303934
0.061330 0.304915
0.061798 0.305257
0.062266 0.306624
0.062734 0.307011
0.063202 0.307649
0.063670 0.308628
0.064139 0.309358
0.064607 0.310725
0.065075 0.310772
0.065543 0.311702
0.066011 0.312823
0.066479 0.313117
0.066948 0.314191
0.067416 0.315459
0.067884 0.315900
0.068352 0.316534
0.068820 0.317901
0.069288 0.318192
0.069757 0.319268
0.070225 0.320003
0.070693 0.320293
0.071161 0.321608
0.071629 0.322002
0.072097 0.322738
0.072566 0.323763
0.073034 0.325024
0.073502 0.325131
0.073970 0.326444
0.074438 0.327182
0.074906 0.327702
0.075375 0.328549
0.075843 0.329520
0.076311 0.330887
0.076779 0.330831
0.077247 0.331968
0.077715 0.332994
0.078184 0.333279
0.078652 0.333962
0.079120 0.335329
0.079588 0.336071
0.080056 0.336354
0.080524 0.337662
0.080993 0.338405
0.081461 0.339088
0.081929 0.339831
0.082397 0.341018
0.082865 0.341541
0.083333 0.342164
0.083802 0.343250
0.084270 0.344152
0.084738 0.344618
0.085206 0.345643
0.085674 0.346606
0.086142 0.346885
0.086610 0.347973
0.087079 0.348720
0.087547 0.349340
0.088015 0.350643
0.088483 0.351049
0.088951 0.351797
0.089419 0.352823
0.089888 0.353782
0.090356 0.354124
0.090824 0.355491
0.091292 0.356241
0.091760 0.356583
0.092228 0.357816
0.092697 0.358567
0.093165 0.359250
0.093633 0.360002
0.094101 0.361163
0.094569 0.361711
0.095037 0.361984
0.095506 0.363079
0.095974 0.364306
0.096442 0.364446
0.096910 0.365472
0.097378 0.366768
0.097846 0.367039
0.098315 0.368135
0.098783 0.368891
0.099251 0.369502
0.099719 0.370454
0.100187 0.371211
0.100655 0.371968
0.101124 0.372651
0.101592 0.373870
0.102060 0.374361
0.102528 0.375311
0.102996 0.376070
0.103464 0.376603
0.103933 0.377438
0.104401 0.378387
0.104869 0.379070
0.105337 0.379677
0.105805 0.381121
0.106273 0.381540
0.106742 0.382488
0.107210 0.383171
0.107678 0.384196
0.108146 0.384617
0.108614 0.385643
0.109082 0.386509
0.109551 0.387272
0.110019 0.388297
0.110487 0.388719
0.110955 0.389502
0.111423 0.390087
0.111891 0.391031
0.112360 0.392056
0.112828 0.392999
0.113296 0.393506
0.113764 0.394531
0.114232 0.395473
0.114700 0.395815
0.115169 0.397182
0.115637 0.397608
0.116105 0.398207
0.116573 0.399489
0.117041 0.399916
0.117509 0.401283
0.117978 0.401711
0.118446 0.402222
0.118914 0.403078
0.119382 0.404358
0.119850 0.404446
0.120318 0.405637
0.120787 0.406497
0.121255 0.407181
0.121723 0.408117
0.122191 0.408712
0.122659 0.409826
0.123127 0.410258
0.123596 0.411535
0.124064 0.412128
0.124532 0.413243
0.125000 0.413676
0.125468 0.414360
0.125936 0.415635
0.126404 0.415977
0.126873 0.417002
0.127341 0.417437
0.127809 0.418028
0.128277 0.419301
0.128745 0.420078
0.129213 0.421103
0.129682 0.421539
0.130150 0.422375
0.130618 0.423249
0.131086 0.424179
0.131554 0.424616
0.132022 0.425791
0.132491 0.426326
0.132959 0.427351
0.133427 0.428279
0.133895 0.428524
0.134363 0.429988
0.134831 0.430086
0.135300 0.431355
0.135768 0.431939
0.136236 0.433064
0.136704 0.433505
0.137172 0.434189
0.137640 0.435355
0.138109 0.435898
0.138577 0.436823
0.139045 0.437608
0.139513 0.438669
0.139981 0.439317
0.140449 0.440240
0.140918 0.441265
0.141386 0.441845
0.141854 0.442632
0.142322 0.443419
0.142790 0.443999
0.143258 0.444682
0.143727 0.445708
0.144195 0.446496
0.144663 0.447180
0.145131 0.447994
0.145599 0.449125
0.146067 0.449808
0.146536 0.450257
0.147004 0.451644
0.147472 0.451966
0.147940 0.453226
0.148408 0.453676
0.148876 0.454484
0.149345 0.455385
0.149813 0.456069
0.150281 0.456985
0.150749 0.457217
0.151217 0.458693
0.151685 0.459146
0.152154 0.460060
0.152622 0.460974
0.153090 0.461769
0.153558 0.462452
0.154026 0.463248
0.154494 0.464390
0.154963 0.464616
0.155431 0.465870
0.155899 0.466667
0.156367 0.467122
0.156835 0.468034
0.157303 0.469287
0.157772 0.469629
0.158240 0.470538
0.158708 0.471337
0.159176 0.471795
0.159644 0.473046
0.160112 0.473388
0.160581 0.474413
0.161049 0.475214
0.161517 0.475214
0.161985 0.475096
0.162453 0.475780
0.162921 0.475780
0.163390 0.474872
0.163858 0.475438
0.164326 0.475662
0.164794 0.475096
0.165262 0.475437
0.165730 0.475555
0.166199 0.475320
0.166667 0.475213
0.167135 0.475437
0.167603 0.475213
0.168071 0.475319
0.168539 0.474871
0.169007 0.475437
0.169476 0.475779
0.169944 0.474978
0.170412 0.475437
0.170880 0.475213
0.171348 0.475437
0.171816 0.475437
0.172285 0.476120
0.172753 0.475212
0.173221 0.475554
0.173689 0.475660
0.174157 0.475896
0.174625 0.475778
0.175094 0.475212
0.175562 0.475542
0.176030 0.475554
0.176498 0.475436
0.176966 0.474752
0.177434 0.475660
0.177903 0.475553
0.178371 0.474870
0.178839 0.475777
0.179307 0.475777
0.179775 0.475094
0.180243 0.475211
0.180712 0.475777
0.181180 0.475318
0.181648 0.475435
0.182116 0.475777
0.182584 0.475211
0.183052 0.474859
0.183521 0.474869
0.183989 0.475435
0.184457 0.474869
0.184925 0.475317
0.185393 0.475211
0.185861 0.475552
0.186330 0.475093
0.186798 0.475317
0.187266 0.475776
0.187734 0.475552
0.188202 0.475776
0.188670 0.474975
0.189139 0.476118
0.189607 0.475552
0.190075 0.475210
0.190543 0.475658
0.191011 0.475894
0.191479 0.475434
0.191948 0.474868
0.192416 0.475999
0.192884 0.475552
0.193352 0.475092
0.193820 0.475434
0.194288 0.475658
0.194757 0.474750
0.195225 0.475209
0.195693 0.475775
0.196161 0.475433
0.196629 0.475433
0.197097 0.475551
0.197566 0.475551
0.198034 0.475433
0.198502 0.475657
0.198970 0.475091
0.199438 0.474867
0.199906 0.475091
0.200375 0.474974
0.200843 0.475433
0.201311 0.474867
0.201779 0.475550
0.202247 0.475315
0.202715 0.475208
0.203184 0.475774
0.203652 0.475208
0.204120 0.476340
0.204588 0.475550
0.205056 0.475432
0.205524 0.475774
0.205993 0.475656
0.206461 0.475090
0.206929 0.475208
0.207397 0.475774
0.207865 0.475432
0.208333 0.475432
0.208801 0.475549
0.209270 0.475549
0.209738 0.475314
0.210206 0.475432
0.210674 0.475090
0.211142 0.475549
0.211610 0.475196
0.212079 0.475207
0.212547 0.475773
0.213015 0.475090
0.213483 0.475655
0.213951 0.475549
0.214419 0.475549
0.214888 0.475431
0.215356 0.475431
0.215824 0.475431
0.216292 0.475207
0.216760 0.475773
0.217228 0.475313
0.217697 0.475431
0.218165 0.475431
0.218633 0.475548
0.219101 0.475655
0.219569 0.475548
0.220037 0.475431
0.220506 0.475548
0.220974 0.475654
0.221442 0.475206
0.221910 0.475430
0.222378 0.475089
0.222846 0.475313
0.223315 0.474747
0.223783 0.475548
0.224251 0.475430
0.224719 0.475313
0.225187 0.475430
0.225655 0.475206
0.226124 0.475890
0.226592 0.475312
0.227060 0.475548
0.227528 0.475430
0.227996 0.475206
0.228464 0.475195
0.228933 0.475547
0.229401 0.475430
0.229869 0.475088
0.230337 0.475654
0.230805 0.475547
0.231273 0.475547
0.231742 0.475429
0.232210 0.475547
0.232678 0.475312
0.233146 0.475205
0.233614 0.475547
0.234082 0.475087
0.234551 0.475653
0.235019 0.475087
0.235487 0.475547
0.235955 0.475771
0.236423 0.475311
0.236891 0.475087
0.237360 0.475205
0.237828 0.475888
0.238296 0.474970
0.238764 0.475546
0.239232 0.475087
0.239700 0.475204
0.240169 0.474852
0.240637 0.475204
0.241105 0.475770
0.241573 0.474745
0.242041 0.475652
0.242509 0.475428
0.242978 0.475204
0.243446 0.475428
0.243914 0.475770
0.244382 0.475086
0.244850 0.475204
0.245318 0.475546
0.245787 0.475310
0.246255 0.475428
0.246723 0.475086
0.247191 0.475888
0.247659 0.475193
0.248127 0.475204
0.248596 0.475428
0.249064 0.475204
0.249532 0.475310
0.250000 0.475204
0.250468 0.475545
0.250936 0.475086
0.251404 0.475310
0.251873 0.474744
0.252341 0.475545
0.252809 0.475769
0.253277 0.474969
0.253745 0.475428
0.254213 0.475428
0.254682 0.475545
0.255150 0.474627
0.255618 0.475546
0.256086 0.475086
0.256554 0.474862
0.257022 0.475310
0.257491 0.475887
0.257959 0.475086
0.258427 0.475086
0.258895 0.475993
0.259363 0.474745
0.259831 0.475546
0.260300 0.475428
0.260768 0.475428
0.261236 0.475086
0.261704 0.474862
0.262172 0.475546
0.262640 0.474969
0.263109 0.475204
0.263577 0.475086
0.264045 0.475546
0.264513 0.475534
0.264981 0.475204
0.265449 0.475428
0.265918 0.475428
0.266386 0.474969
0.266854 0.474862
0.267322 0.475888
0.267790 0.475087
0.268258 0.474862
0.268727 0.475652
0.269195 0.475546
0.269663 0.475087
0.270131 0.475428
0.270599 0.475652
0.271067 0.474745
0.271536 0.475888
0.272004 0.475087
0.272472 0.475770
0.272940 0.475428
0.273408 0.475204
0.273876 0.475888
0.274345 0.474969
0.274813 0.475546
0.275281 0.475087
0.275749 0.475546
0.276217 0.475193
0.276685 0.475546
0.277154 0.475429
0.277622 0.475087
0.278090 0.474969
0.278558 0.474863
0.279026 0.475546
0.279494 0.475429
0.279963 0.475429
0.280431 0.475087
0.280899 0.475888
0.281367 0.475087
0.281835 0.474970
0.282303 0.475770
0.282772 0.475087
0.283240 0.475205
0.283708 0.475194
0.284176 0.475546
0.284644 0.474745
0.285112 0.475547
0.285581 0.475311
0.286049 0.475205
0.286517 0.475547
0.286985 0.475087
0.287453 0.475653
0.287921 0.475429
0.288390 0.475547
0.288858 0.475429
0.289326 0.475311
0.289794 0.475087
0.290262 0.475205
0.290730 0.475888
0.291198 0.475311
0.291667 0.475547
0.292135 0.475429
0.292603 0.475547
0.293071 0.475194
0.293539 0.475547
0.294007 0.475429
0.294476 0.475087
0.294944 0.475311
0.295412 0.475087
0.295880 0.475889
0.296348 0.475087
0.296816 0.475429
0.297285 0.475429
0.297753 0.475547
0.298221 0.475547
0.298689 0.475653
0.299157 0.475429
0.299625 0.475088
0.300094 0.475889
0.300562 0.474853
0.301030 0.475205
0.301498 0.474746
0.301966 0.475205
0.302434 0.475312
0.302903 0.475205
0.303371 0.475547
0.303839 0.475429
0.304307 0.475547
0.304775 0.475312
0.305243 0.475205
0.305712 0.475429
0.306180 0.475088
0.306648 0.474970
0.307116 0.475430
0.307584 0.475547
0.308052 0.474746
0.308521 0.475771
0.308989 0.475088
0.309457 0.475547
0.309925 0.475547
0.310393 0.475312
0.310861 0.475430
0.311330 0.475088
0.311798 0.475547
0.312266 0.475195
0.312734 0.475547
0.313202 0.475088
0.313670 0.475771
0.314139 0.475312
0.314607 0.475547
0.315075 0.475889
0.315543 0.475088
0.316011 0.475771
0.316479 0.475088
0.316948 0.475548
0.317416 0.475430
0.317884 0.474971
0.318352 0.475088
0.318820 0.475430
0.319288 0.475548
0.319757 0.475312
0.320225 0.475889
0.320693 0.475430
0.321161 0.475548
0.321629 0.475312
0.322097 0.475890
0.322566 0.475088
0.323034 0.475088
0.323502 0.475312
0.323970 0.475088
0.324438 0.475890
0.324906 0.475088
0.325375 0.475654
0.325843 0.475430
0.326311 0.475206
0.326779 0.475548
0.327247 0.475654
0.327715 0.474864
0.328184 0.475089
0.328652 0.475890
0.329120 0.474854
0.329588 0.475548
0.330056 0.475089
0.330524 0.475430
0.330993 0.475313
0.331461 0.475206
0.331929 0.475548
0.332397 0.475430
0.332865 0.475430
0.333333 0.475089
0.333802 0.475548
0.334270 0.474865
0.334738 0.475313
0.335206 0.474747
0.335674 0.475430
0.336142 0.475548
0.336610 0.475195
0.337079 0.475890
0.337547 0.475089
0.338015 0.475548
0.338483 0.475313
0.338951 0.475548
0.339419 0.475548
0.339888 0.475089
0.340356 0.475548
0.340824 0.475195
0.341292 0.475207
0.341760 0.475089
0.342228 0.475772
0.342697 0.474972
0.343165 0.475207
0.343633 0.475890
0.344101 0.475431
0.344569 0.475431
0.345037 0.475431
0.345506 0.475890
0.345974 0.475207
0.346442 0.475313
0.346910 0.475089
0.347378 0.475772
0.347846 0.475549
0.348315 0.475196
0.348783 0.475890
0.349251 0.475089
0.349719 0.475549
0.350187 0.474972
0.350655 0.475890
0.351124 0.475207
0.351592 0.475089
0.352060 0.475655
0.352528 0.475089
0.352996 0.475549
0.353464 0.474748
0.353933 0.475655
0.354401 0.475431
0.354869 0.475089
0.355337 0.475549
0.355805 0.475655
0.356273 0.474865
0.356742 0.475089
0.357210 0.475549
0.357678 0.474631
0.358146 0.475207
0.358614 0.475090
0.359082 0.475431
0.359551 0.474972
0.360019 0.475431
0.360487 0.475891
0.360955 0.475090
0.361423 0.475431
0.361891 0.475090
0.362360 0.475891
0.362828 0.475207
0.363296 0.475314
0.363764 0.475549
0.364232 0.475431
0.364700 0.475549
0.365169 0.474855
0.365637 0.475891
0.366105 0.475090
0.366573 0.475090
0.367041 0.475655
0.367509 0.475549
0.367978 0.475207
0.368446 0.474748
0.368914 0.475773
0.369382 0.475432
0.369850 0.475549
0.370318 0.475432
0.370787 0.475997
0.371255 0.474748
0.371723 0.475773
0.372191 0.475891
0.372659 0.474973
0.373127 0.475208
0.373596 0.475432
0.374064 0.475549
0.374532 0.474973
0.375000 0.475549
0.375468 0.475208
0.375936 0.475773
0.376404 0.475549
0.376873 0.475197
0.377341 0.475891
0.377809 0.475090
0.378277 0.475432
0.378745 0.474973
0.379213 0.475550
0.379682 0.475208
0.380150 0.474749
0.380618 0.475774
0.381086 0.475432
0.381554 0.475208
0.382022 0.475432
0.382491 0.475656
0.382959 0.474749
0.383427 0.475774
0.383895 0.475550
0.384363 0.475197
0.384831 0.474866
0.385300 0.475432
0.385768 0.475892
0.386236 0.474973
0.386704 0.475892
0.387172 0.475550
0.387640 0.475091
0.388109 0.475314
0.388577 0.475432
0.389045 0.475550
0.389513 0.475091
0.389981 0.475315
0.390449 0.475091
0.390918 0.475550
0.391386 0.474866
0.391854 0.475315
0.392322 0.475892
0.392790 0.475432
0.393258 0.475550
0.393727 0.475538
0.394195 0.475550
0.394663 0.475091
0.395131 0.475432
0.395599 0.475315
0.396067 0.475432
0.396536 0.475208
0.397004 0.475432
0.397472 0.475432
0.397940 0.475432
0.398408 0.475550
0.398876 0.475208
0.399345 0.475656
0.399813 0.474749
0.400281 0.475774
0.400749 0.475550
0.401217 0.475197
0.401685 0.475550
0.402154 0.475433
0.402622 0.475550
0.403090 0.475315
0.403558 0.475550
0.404026 0.475550
0.404494 0.475433
0.404963 0.475433
0.405431 0.475433
0.405899 0.475550
0.406367 0.474749
0.406835 0.475315
0.407303 0.475091
0.407772 0.475433
0.408240 0.475209
0.408708 0.475657
0.409176 0.475209
0.409644 0.475433
0.410112 0.475551
0.410581 0.475551
0.411049 0.475657
0.411517 0.475091
0.411985 0.475774
0.412453 0.475209
0.412921 0.475198
0.413390 0.475209
0.413858 0.475091
0.414326 0.475551
0.414794 0.474974
0.415262 0.475551
0.415730 0.475551
0.416198 0.475433
0.416667 0.475775
0.417135 0.475433
0.417603 0.475209
0.418071 0.475091
0.418539 0.475315
0.419007 0.475433
0.419476 0.475433
0.419944 0.475209
0.420412 0.475998
0.420880 0.475209
0.421348 0.475433
0.421816 0.475551
0.422285 0.475657
0.422753 0.475551
0.423221 0.475092
0.423689 0.475775
0.424157 0.474974
0.424625 0.475433
0.425094 0.475209
0.425562 0.475433
0.426030 0.475657
0.426498 0.475433
0.426966 0.475551
0.427434 0.475551
0.427903 0.475657
0.428371 0.475209
0.428839 0.475775
0.429307 0.475209
0.429775 0.474857
0.430243 0.475551
0.430712 0.475433
0.431180 0.475092
0.431648 0.475657
0.432116 0.475551
0.432584 0.474868
0.433052 0.475433
0.433521 0.475433
0.433989 0.475433
0.434457 0.475209
0.434925 0.475209
0.435393 0.475657
0.435861 0.475092
0.436330 0.475433
0.436798 0.475209
0.437266 0.475540
0.437734 0.475209
0.438202 0.475433
0.438670 0.475893
0.439139 0.475316
0.439607 0.475551
0.440075 0.475210
0.440543 0.475434
0.441011 0.474974
0.441479 0.475434
0.441948 0.475210
0.442416 0.475775
0.442884 0.475316
0.443352 0.475434
0.443820 0.475893
0.444288 0.475210
0.444757 0.475316
0.445225 0.475551
0.445693 0.475434
0.446161 0.474868
0.446629 0.475551
0.447097 0.475316
0.447566 0.474750
0.448034 0.475434
0.448502 0.475210
0.448970 0.475540
0.449438 0.475210
0.449906 0.475434
0.450375 0.475893
0.450843 0.474975
0.451311 0.475210
0.451779 0.475210
0.452247 0.475434
0.452715 0.474975
0.453184 0.475434
0.453652 0.475210
0.454120 0.475434
0.454588 0.475316
0.455056 0.475776
0.455524 0.475434
0.455993 0.474868
0.456461 0.475316
0.456929 0.475210
0.457397 0.475434
0.457865 0.475210
0.458333 0.475316
0.458802 0.475552
0.459270 0.475434
0.459738 0.475092
0.460206 0.475658
0.460674 0.475434
0.461142 0.474868
0.461610 0.475776
0.462079 0.475434
0.462547 0.475434
0.463015 0.475210
0.463483 0.475210
0.463951 0.475658
0.464419 0.475093
0.464888 0.475434
0.465356 0.475552
0.465824 0.475540
0.466292 0.475210
0.466760 0.475434
0.467228 0.475776
0.467697 0.475317
0.468165 0.474185
0.468633 0.473843
0.469101 0.473043
0.469569 0.471676
0.470037 0.471676
0.470506 0.470425
0.470974 0.469627
0.471442 0.468828
0.471910 0.468260
0.472378 0.467235
0.472846 0.466324
0.473315 0.465755
0.473783 0.464615
0.474251 0.464161
0.474719 0.462906
0.475187 0.462682
0.475655 0.461539
0.476124 0.460514
0.476592 0.460403
0.477060 0.459267
0.477528 0.458353
0.477996 0.457438
0.478464 0.456987
0.478933 0.456194
0.479401 0.455278
0.479869 0.454362
0.480337 0.453679
0.480805 0.452779
0.481273 0.451970
0.481742 0.451179
0.482210 0.450603
0.482678 0.449812
0.483146 0.448681
0.483614 0.448446
0.484082 0.447421
0.484551 0.446160
0.485019 0.445844
0.485487 0.444793
0.485955 0.444005
0.486423 0.443084
0.486891 0.442535
0.487360 0.441717
0.487828 0.440691
0.488296 0.440247
0.488764 0.439461
0.489232 0.438539
0.489700 0.437274
0.490169 0.437172
0.490637 0.435705
0.491105 0.435464
0.491573 0.434539
0.492041 0.433513
0.492509 0.432972
0.492978 0.431804
0.493446 0.431363
0.493914 0.430436
0.494382 0.430141
0.494850 0.428727
0.495318 0.428287
0.495787 0.427604
0.496255 0.426482
0.496723 0.425212
0.497191 0.424966
0.497659 0.424186
0.498127 0.422820
0.498596 0.422820
0.499064 0.421547
0.499532 0.420522
0.500000 0.420333
0.500468 0.419402
0.500936 0.418377
0.501405 0.417445
0.501873 0.416825
0.502341 0.416077
0.502809 0.415302
0.503277 0.414368
0.503745 0.413843
0.504214 0.412659
0.504682 0.411633
0.505150 0.411543
0.505618 0.410176
0.506086 0.409492
0.506554 0.408898
0.507023 0.408125
0.507491 0.407012
0.507959 0.406417
0.508427 0.405391
0.508895 0.404795
0.509363 0.403937
0.509831 0.403086
0.510300 0.402658
0.510768 0.401719
0.511236 0.400863
0.511704 0.400009
0.512172 0.399582
0.512640 0.398215
0.513109 0.397447
0.513577 0.396848
0.514045 0.395907
0.514513 0.395481
0.514981 0.394456
0.515449 0.393773
0.515918 0.392830
0.516386 0.391804
0.516854 0.391299
0.517322 0.390437
0.517790 0.389672
0.518258 0.389069
0.518727 0.388305
0.519195 0.386858
0.519663 0.386596
0.520131 0.385571
0.520599 0.384625
0.521067 0.384126
0.521536 0.383257
0.522004 0.382496
0.522472 0.381548
0.522940 0.380710
0.523408 0.379839
0.523876 0.379420
0.524345 0.378053
0.524813 0.377635
0.525281 0.376686
0.525749 0.376078
0.526217 0.375319
0.526685 0.374220
0.527154 0.373952
0.527622 0.372659
0.528090 0.371634
0.528558 0.371487
0.529026 0.370266
0.529494 0.369510
0.529963 0.368899
0.530431 0.367999
0.530899 0.366847
0.531367 0.366434
0.531835 0.365409
0.532303 0.364997
0.532772 0.363770
0.533240 0.363087
0.533708 0.362675
0.534176 0.361308
0.534644 0.360625
0.535112 0.360010
0.535581 0.358984
0.536049 0.358165
0.536517 0.357891
0.536985 0.356524
0.537453 0.355907
0.537921 0.355025
0.538390 0.354198
0.538858 0.353790
0.539326 0.352830
0.539794 0.352017
0.540262 0.351121
0.540730 0.350437
0.541198 0.349348
0.541667 0.348942
0.542135 0.347981
0.542603 0.347019
0.543071 0.346272
0.543539 0.345527
0.544007 0.344905
0.544476 0.343600
0.544944 0.343258
0.545412 0.342452
0.545880 0.341549
0.546348 0.340463
0.546816 0.339839
0.547285 0.339037
0.547753 0.338130
0.548221 0.337729
0.548689 0.336704
0.549157 0.335962
0.549625 0.334995
0.550094 0.334369
0.550562 0.333628
0.551030 0.332603
0.551498 0.332261
0.551966 0.330950
0.552434 0.330267
0.552903 0.329131
0.553371 0.328844
0.553839 0.327819
0.554307 0.327190
0.554775 0.326452
0.555243 0.325373
0.555712 0.325085
0.556180 0.323718
0.556648 0.323087
0.557116 0.322641
0.557584 0.321378
0.558052 0.320301
0.558521 0.320010
0.558989 0.318883
0.559457 0.318301
0.559925 0.317909
0.560393 0.316542
0.560861 0.316150
0.561330 0.314833
0.561798 0.314198
0.562266 0.313808
0.562734 0.312441
0.563202 0.311758
0.563670 0.311122
0.564139 0.310096
0.564607 0.309319
0.565075 0.309024
0.565543 0.307657
0.566011 0.307019
0.566479 0.306541
0.566948 0.305310
0.567416 0.304923
0.567884 0.303898
0.568352 0.303170
0.568820 0.302233
0.569288 0.301549
0.569757 0.300481
0.570225 0.299797
0.570693 0.299114
0.571161 0.298130
0.571629 0.297747
0.572097 0.296680
0.572566 0.296038
0.573034 0.294671
0.573502 0.294370
0.573970 0.293606
0.574438 0.292660
0.574906 0.291937
0.575375 0.290951
0.575843 0.290190
0.576311 0.289242
0.576779 0.288558
0.577247 0.287837
0.577715 0.287116
0.578184 0.286470
0.578652 0.285481
0.579120 0.284761
0.579588 0.283700
0.580056 0.283052
0.580524 0.282062
0.580993 0.281378
0.581461 0.280625
0.581929 0.279668
0.582397 0.278951
0.582865 0.278301
0.583333 0.277859
0.583802 0.276591
0.584270 0.276217
0.584738 0.274850
0.585206 0.274134
0.585674 0.273514
0.586142 0.272488
0.586610 0.271774
0.587079 0.271090
0.587547 0.270065
0.588015 0.269411
0.588483 0.268727
0.588951 0.267644
0.589419 0.267331
0.589888 0.266306
0.590356 0.265308
0.590824 0.264939
0.591292 0.263544
0.591760 0.262888
0.592228 0.262231
0.592697 0.261205
0.593165 0.260811
0.593633 0.259838
0.594101 0.258787
0.594569 0.258128
0.595037 0.257712
0.595506 0.256419
0.595974 0.256053
0.596442 0.255027
0.596910 0.253979
0.597378 0.253319
0.597846 0.252658
0.598315 0.251952
0.598783 0.250926
0.599251 0.250243
0.599719 0.249239
0.600187 0.248555
0.600655 0.247830
0.601124 0.247167
0.601592 0.246142
0.602060 0.245478
0.602528 0.244395
0.602996 0.243768
0.603464 0.243066
0.603933 0.242058
0.604401 0.241339
0.604869 0.240691
0.605337 0.239665
0.605805 0.238965
0.606273 0.237939
0.606742 0.237598
0.607210 0.236588
0.607678 0.235889
0.608146 0.235190
0.608614 0.234180
0.609082 0.233155
0.609551 0.232485
0.610019 0.231774
0.610487 0.230776
0.610955 0.230079
0.611423 0.229408
0.611891 0.228700
0.612360 0.227698
0.612828 0.227345
0.613296 0.226320
0.613764 0.225283
0.614232 0.224611
0.614700 0.223595
0.615169 0.222902
0.615637 0.222218
0.616105 0.221193
0.616573 0.220860
0.617041 0.219835
0.617509 0.218793
0.617977 0.218125
0.618446 0.217434
0.618914 0.216416
0.619382 0.215712
0.619850 0.215048
0.620318 0.214016
0.620786 0.213333
0.621255 0.212302
0.621723 0.211971
0.622191 0.210945
0.622659 0.209915
0.623127 0.209573
0.623595 0.208548
0.624064 0.207526
0.624532 0.207181
0.625000 0.206156
0.625468 0.205129
0.625936 0.204447
0.626405 0.203765
0.626873 0.203080
0.627341 0.202054
0.627809 0.201371
0.628277 0.200688
0.628745 0.200004
0.629214 0.200004
0.629682 0.200004
0.630150 0.200004
0.630618 0.200004
0.631086 0.200004
0.631554 0.200004
0.632023 0.200004
0.632491 0.200004
0.632959 0.200004
0.633427 0.200004
0.633895 0.200004
0.634363 0.200004
0.634831 0.200004
0.635300 0.200004
0.635768 0.200004
0.636236 0.200004
0.636704 0.200004
0.637172 0.200004
0.637640 0.200004
0.638109 0.200004
0.638577 0.200004
0.639045 0.200004
0.639513 0.200004
0.639981 0.200004
0.640449 0.200004
0.640918 0.200004
0.641386 0.200004
0.641854 0.200004
0.642322 0.200004
0.642790 0.200004
0.643258 0.200004
0.643727 0.200004
0.644195 0.200004
0.644663 0.200004
0.645131 0.200004
0.645599 0.200004
0.646067 0.200004
0.646536 0.200004
0.647004 0.200004
0.647472 0.200004
0.647940 0.200004
0.648408 0.200004
0.648876 0.200004
0.649345 0.200004
0.649813 0.200004
0.650281 0.200004
0.650749 0.200004
0.651217 0.200004
0.651685 0.200004
0.652154 0.200004
0.652622 0.200004
0.653090 0.200004
0.653558 0.200004
0.654026 0.200004
0.654494 0.200004
0.654963 0.200004
0.655431 0.200004
0.655899 0.200004
0.656367 0.200004
0.656835 0.200004
0.657303 0.200004
0.657772 0.200004
0.658240 0.200004
0.658708 0.200004
0.659176 0.200004
0.659644 0.200004
0.660112 0.200004
0.660581 0.200004
0.661049 0.200004
0.661517 0.200004
0.661985 0.200004
0.662453 0.200004
0.662921 0.200004
0.663390 0.200004
0.663858 0.200004
0.664326 0.200004
0.664794 0.200004
0.665262 0.200004
0.665730 0.200004
0.666198 0.200004
0.666667 0.200004
0.667135 0.200004
0.667603 0.200004
0.668071 0.200004
0.668539 0.200004
0.669007 0.200004
0.669476 0.200004
0.669944 0.200004
0.670412 0.200004
0.670880 0.200004
0.671348 0.200004
0.671816 0.200004
0.672285 0.200004
0.672753 0.200004
0.673221 0.200004
0.673689 0.200004
0.674157 0.200004
0.674625 0.200004
0.675094 0.200004
0.675562 0.200004
0.676030 0.200004
0.676498 0.200004
0.676966 0.200004
0.677434 0.200004
0.677903 0.200004
0.678371 0.200004
0.678839 0.200004
0.679307 0.200004
0.679775 0.200004
0.680243 0.200004
0.680712 0.200004
0.681180 0.200004
0.681648 0.200004
0.682116 0.200004
0.682584 0.200004
0.683052 0.200004
0.683521 0.200004
0.683989 0.200004
0.684457 0.200004
0.684925 0.200004
0.685393 0.200004
0.685861 0.200004
0.686330 0.200004
0.686798 0.200004
0.687266 0.200004
0.687734 0.200004
0.688202 0.200004
0.688670 0.200004
0.689139 0.200004
0.689607 0.200004
0.690075 0.200004
0.690543 0.200004
0.691011 0.200004
0.691479 0.200004
0.691948 0.200004
0.692416 0.200004
0.692884 0.200004
0.693352 0.200004
0.693820 0.200004
0.694288 0.200004
0.694757 0.200004
0.695225 0.200004
0.695693 0.200004
0.696161 0.200004
0.696629 0.200004
0.697097 0.200004
0.697566 0.200004
0.698034 0.200004
0.698502 0.200004
0.698970 0.200004
0.699438 0.200004
0.699906 0.200004
0.700375 0.200004
0.700843 0.200004
0.701311 0.200004
0.701779 0.200004
0.702247 0.200004
0.702715 0.200004
0.703184 0.200004
0.703652 0.200004
0.704120 0.200004
0.704588 0.200004
0.705056 0.200004
0.705524 0.200004
0.705993 0.200004
0.706461 0.200004
0.706929 0.200004
0.707397 0.200004
0.707865 0.200004
0.708333 0.200004
0.708802 0.200004
0.709270 0.200004
0.709738 0.200004
0.710206 0.200004
0.710674 0.200004
0.711142 0.200004
0.711610 0.200004
0.712079 0.200004
0.712547 0.200004
0.713015 0.200004
0.713483 0.200004
0.713951 0.200004
0.714419 0.200004
0.714888 0.200004
0.715356 0.200004
0.715824 0.200004
0.716292 0.200004
0.716760 0.200004
0.717228 0.200004
0.717697 0.200004
0.718165 0.200004
0.718633 0.200004
0.719101 0.200004
0.719569 0.200004
0.720037 0.200004
0.720506 0.200004
0.720974 0.200004
0.721442 0.200004
0.721910 0.200004
0.722378 0.200004
0.722846 0.200004
0.723315 0.200004
0.723783 0.200004
0.724251 0.200004
0.724719 0.200004
0.725187 0.200004
0.725655 0.200004
0.726124 0.200004
0.726592 0.200004
0.727060 0.200004
0.727528 0.200004
0.727996 0.200004
0.728464 0.200004
0.728933 0.200004
0.729401 0.200004
0.729869 0.200004
0.730337 0.200004
0.730805 0.200004
0.731273 0.200004
0.731742 0.200004
0.732210 0.200004
0.732678 0.200004
0.733146 0.200004
0.733614 0.200004
0.734082 0.200004
0.734551 0.200004
0.735019 0.200004
0.735487 0.200004
0.735955 0.200004
0.736423 0.200004
0.736891 0.200004
0.737360 0.200004
0.737828 0.200004
0.738296 0.200004
0.738764 0.200004
0.739232 0.200004
0.739700 0.200004
0.740169 0.200004
0.740637 0.200004
0.741105 0.200004
0.741573 0.200004
0.742041 0.200004
0.742509 0.200004
0.742977 0.200004
0.743446 0.200004
0.743914 0.200004
0.744382 0.200004
0.744850 0.200004
0.745318 0.200004
0.745786 0.200004
0.746255 0.200004
0.746723 0.200004
0.747191 0.200004
0.747659 0.200004
0.748127 0.200004
0.748595 0.200004
0.749064 0.200004
0.749532 0.200004
0.750000 0.200004
0.750468 0.200004
0.750936 0.200004
0.751405 0.200004
0.751873 0.200004
0.752341 0.200004
0.752809 0.200004
0.753277 0.200004
0.753745 0.200004
0.754214 0.200004
0.754682 0.200004
0.755150 0.200004
0.755618 0.200004
0.756086 0.200004
0.756554 0.200004
0.757023 0.200004
0.757491 0.200004
0.757959 0.200004
0.758427 0.200004
0.758895 0.200004
0.759363 0.200004
0.759831 0.200004
0.760300 0.200004
0.760768 0.200004
0.761236 0.200004
0.761704 0.200004
0.762172 0.200004
0.762640 0.200004
0.763109 0.200004
0.763577 0.200004
0.764045 0.200004
0.764513 0.200004
0.764981 0.200004
0.765449 0.200004
0.765918 0.200004
0.766386 0.200004
0.766854 0.200004
0.767322 0.200004
0.767790 0.200004
0.768258 0.200004
0.768727 0.200004
0.769195 0.200004
0.769663 0.200004
0.770131 0.200004
0.770599 0.200004
0.771067 0.200004
0.771536 0.200004
0.772004 0.200004
0.772472 0.200004
0.772940 0.200004
0.773408 0.200004
0.773876 0.200004
0.774345 0.200004
0.774813 0.200004
0.775281 0.200004
0.775749 0.200004
0.776217 0.200004
0.776685 0.200004
0.777154 0.200004
0.777622 0.200004
0.778090 0.200004
0.778558 0.200004
0.779026 0.200004
0.779494 0.200004
0.779963 0.200004
0.780431 0.200004
0.780899 0.200004
0.781367 0.200004
0.781835 0.200004
0.782303 0.200004
0.782772 0.200004
0.783240 0.200004
0.783708 0.200004
0.784176 0.200004
0.784644 0.200004
0.785112 0.200004
0.785581 0.200004
0.786049 0.200004
0.786517 0.200004
0.786985 0.200004
0.787453 0.200004
0.787921 0.200004
0.788390 0.200004
0.788858 0.200004
0.789326 0.200004
0.789794 0.200004
0.790262 0.200004
0.790730 0.200004
0.791198 0.200004
0.791667 0.200004
0.792135 0.200004
0.792603 0.200004
0.793071 0.200004
0.793539 0.200004
0.794007 0.200004
0.794476 0.200004
0.794944 0.200004
0.795412 0.200004
0.795880 0.200004
0.796348 0.200004
0.796816 0.200004
0.797285 0.200004
0.797753 0.200004
0.798221 0.200004
0.798689 0.200004
0.799157 0.200004
0.799625 0.200004
0.800094 0.200004
0.800562 0.200004
0.801030 0.200004
0.801498 0.200004
0.801966 0.200004
0.802434 0.200004
0.802903 0.200004
0.803371 0.200004
0.803839 0.200004
0.804307 0.200004
0.804775 0.200004
0.805243 0.200004
0.805712 0.200004
0.806180 0.200004
0.806648 0.200004
0.807116 0.200004
0.807584 0.200004
0.808052 0.200004
0.808521 0.200004
0.808989 0.200004
0.809457 0.200004
0.809925 0.200004
0.810393 0.200004
0.810861 0.200004
0.811330 0.200004
0.811798 0.200004
0.812266 0.200004
0.812734 0.200004
0.813202 0.200004
0.813670 0.200004
0.814139 0.200004
0.814607 0.200004
0.815075 0.200004
0.815543 0.200004
0.816011 0.200004
0.816479 0.200004
0.816948 0.200004
0.817416 0.200004
0.817884 0.200004
0.818352 0.200004
0.818820 0.200004
0.819288 0.200004
0.819757 0.200004
0.820225 0.200004
0.820693 0.200004
0.821161 0.200004
0.821629 0.200004
0.822097 0.200004
0.822566 0.200004
0.823034 0.200004
0.823502 0.200004
0.823970 0.200004
0.824438 0.200004
0.824906 0.200004
0.825375 0.200004
0.825843 0.200004
0.826311 0.200004
0.826779 0.200004
0.827247 0.200004
0.827715 0.200004
0.828184 0.200004
0.828652 0.200004
0.829120 0.200004
0.829588 0.200004
0.830056 0.200004
0.830524 0.200004
0.830993 0.200004
0.831461 0.200004
0.831929 0.200004
0.832397 0.200004
0.832865 0.200004
0.833333 0.200004
0.833802 0.200004
0.834270 0.200004
0.834738 0.200004
0.835206 0.200004
0.835674 0.200004
0.836142 0.200004
0.836610 0.200004
0.837079 0.200004
0.837547 0.200004
0.838015 0.200004
0.838483 0.200004
0.838951 0.200004
0.839419 0.200004
0.839888 0.200004
0.840356 0.200004
0.840824 0.200004
0.841292 0.200004
0.841760 0.200004
0.842228 0.200004
0.842697 0.200004
0.843165 0.200004
0.843633 0.200004
0.844101 0.200004
0.844569 0.200004
0.845037 0.200004
0.845506 0.200004
0.845974 0.200004
0.846442 0.200004
0.846910 0.200004
0.847378 0.200004
0.847846 0.200004
0.848315 0.200004
0.848783 0.200004
0.849251 0.200004
0.849719 0.200004
0.850187 0.200004
0.850655 0.200004
0.851124 0.200004
0.851592 0.200004
0.852060 0.200004
0.852528 0.200004
0.852996 0.200004
0.853464 0.200004
0.853933 0.200004
0.854401 0.200004
0.854869 0.200004
0.855337 0.200004
0.855805 0.200004
0.856273 0.200004
0.856742 0.200004
0.857210 0.200004
0.857678 0.200004
0.858146 0.200004
0.858614 0.200004
0.859082 0.200004
0.859551 0.200004
0.860019 0.200004
0.860487 0.200004
0.860955 0.200004
0.861423 0.200004
0.861891 0.200004
0.862360 0.200004
0.862828 0.200004
0.863296 0.200004
0.863764 0.200004
0.864232 0.200004
0.864700 0.200004
0.865169 0.200004
0.865637 0.200004
0.866105 0.200004
0.866573 0.200004
0.867041 0.200004
0.867509 0.200004
0.867977 0.200004
0.868446 0.200004
0.868914 0.200004
0.869382 0.200004
0.869850 0.200004
0.870318 0.200004
0.870786 0.200004
0.871255 0.200004
0.871723 0.200004
0.872191 0.200004
0.872659 0.200004
0.873127 0.200004
0.873595 0.200004
0.874064 0.200004
0.874532 0.200004
0.875000 0.200004
0.875468 0.200004
0.875936 0.200004
0.876405 0.200004
0.876873 0.200004
0.877341 0.200004
0.877809 0.200004
0.878277 0.200004
0.878745 0.200004
0.879214 0.200004
0.879682 0.200004
0.880150 0.200004
0.880618 0.200004
0.881086 0.200004
0.881554 0.200004
0.882023 0.200004
0.882491 0.200004
0.882959 0.200004
0.883427 0.200004
0.883895 0.200004
0.884363 0.200004
0.884831 0.200004
0.885300 0.200004
0.885768 0.200004
0.886236 0.200004
0.886704 0.200004
0.887172 0.200004
0.887640 0.200004
0.888109 0.200004
0.888577 0.200004
0.889045 0.200004
0.889513 0.200004
0.889981 0.200004
0.890449 0.200004
0.890918 0.200004
0.891386 0.200004
0.891854 0.200004
0.892322 0.200004
0.892790 0.200004
0.893258 0.200004
0.893727 0.200004
0.894195 0.200004
0.894663 0.200004
0.895131 0.200004
0.895599 0.200004
0.896067 0.200004
0.896536 0.200004
0.897004 0.200004
0.897472 0.200004
0.897940 0.200004
0.898408 0.200004
0.898876 0.200004
0.899345 0.200004
0.899813 0.200004
0.900281 0.200004
0.900749 0.200004
0.901217 0.200004
0.901685 0.200004
0.902154 0.200004
0.902622 0.200004
0.903090 0.200004
0.903558 0.200004
0.904026 0.200004
0.904494 0.200004
0.904963 0.200004
0.905431 0.200004
0.905899 0.200004
0.906367 0.200004
0.906835 0.200004
0.907303 0.200004
0.907772 0.200004
0.908240 0.200004
0.908708 0.200004
0.909176 0.200004
0.909644 0.200004
0.910112 0.200004
0.910581 0.200004
0.911049 0.200004
0.911517 0.200004
0.911985 0.200004
0.912453 0.200004
0.912921 0.200004
0.913390 0.200004
0.913858 0.200004
0.914326 0.200004
0.914794 0.200004
0.915262 0.200004
0.915730 0.200004
0.916198 0.200004
0.916667 0.200004
0.917135 0.200004
0.917603 0.200004
0.918071 0.200004
0.918539 0.200004
0.919007 0.200004
0.919476 0.200004
0.919944 0.200004
0.920412 0.200004
0.920880 0.200004
0.921348 0.200004
0.921816 0.200004
0.922285 0.200004
0.922753 0.200004
0.923221 0.200004
0.923689 0.200004
0.924157 0.200004
0.924625 0.200004
0.925094 0.200004
0.925562 0.200004
0.926030 0.200004
0.926498 0.200004
0.926966 0.200004
0.927434 0.200004
0.927903 0.200004
0.928371 0.200004
0.928839 0.200004
0.929307 0.200004
0.929775 0.200004
0.930243 0.200004
0.930712 0.200004
0.931180 0.200004
0.931648 0.200004
0.932116 0.200004
0.932584 0.200004
0.933052 0.200004
0.933521 0.200004
0.933989 0.200004
0.934457 0.200004
0.934925 0.200004
0.935393 0.200004
0.935861 0.200004
0.936330 0.200004
0.936798 0.200004
0.937266 0.200004
0.937734 0.200004
0.938202 0.200004
0.938670 0.200004
0.939139 0.200004
0.939607 0.200004
0.940075 0.200004
0.940543 0.200004
0.941011 0.200004
0.941479 0.200004
0.941948 0.200004
0.942416 0.200004
0.942884 0.200004
0.943352 0.200004
0.943820 0.200004
0.944288 0.200004
0.944757 0.200004
0.945225 0.200004
0.945693 0.200004
0.946161 0.200004
0.946629 0.200004
0.947097 0.200004
0.947566 0.200004
0.948034 0.200004
0.948502 0.200004
0.948970 0.200004
0.949438 0.200004
0.949906 0.200004
0.950375 0.200004
0.950843 0.200004
0.951311 0.200004
0.951779 0.200004
0.952247 0.200004
0.952715 0.200004
0.953184 0.200004
0.953652 0.200004
0.954120 0.200004
0.954588 0.200004
0.955056 0.200004
0.955524 0.200004
0.955993 0.200004
0.956461 0.200004
0.956929 0.200004
0.957397 0.200004
0.957865 0.200004
0.958333 0.200004
0.958802 0.200004
0.959270 0.200004
0.959738 0.200004
0.960206 0.200004
0.960674 0.200004
0.961142 0.200004
0.961610 0.200004
0.962079 0.200004
0.962547 0.200004
0.963015 0.200004
0.963483 0.200004
0.963951 0.200004
0.964419 0.200004
0.964888 0.200004
0.965356 0.200004
0.965824 0.200004
0.966292 0.200004
0.966760 0.200004
0.967228 0.200004
0.967697 0.200004
0.968165 0.200004
0.968633 0.200004
0.969101 0.200004
0.969569 0.200004
0.970037 0.200004
0.970506 0.200004
0.970974 0.200004
0.971442 0.200004
0.971910 0.200004
0.972378 0.200004
0.972846 0.200004
0.973315 0.200004
0.973783 0.200004
0.974251 0.200004
0.974719 0.200004
0.975187 0.200004
0.975655 0.200004
0.976124 0.200004
0.976592 0.200004
0.977060 0.200004
0.977528 0.200004
0.977996 0.200004
0.978464 0.200004
0.978933 0.200004
0.979401 0.200004
0.979869 0.200004
0.980337 0.200004
0.980805 0.200004
0.981273 0.200004
0.981742 0.200004
0.982210 0.200004
0.982678 0.200004
0.983146 0.200004
0.983614 0.200004
0.984082 0.200004
0.984551 0.200004
0.985019 0.200004
0.985487 0.200004
0.985955 0.200004
0.986423 0.200004
0.986891 0.200004
0.987360 0.200004
0.987828 0.200004
0.988296 0.200004
0.988764 0.200004
0.989232 0.200004
0.989700 0.200004
0.990169 0.200004
0.990637 0.200004
0.991105 0.200004
0.991573 0.200004
0.992041 0.200004
0.992509 0.200004
0.992977 0.200004
0.993446 0.200004
0.993914 0.200004
0.994382 0.200004
0.994850 0.200004
0.995318 0.200004
0.995786 0.200004
0.996255 0.200004
0.996723 0.200004
0.997191 0.200004
0.997659 0.200004
0.998127 0.200004
0.998595 0.200004
0.999064 0.200004
0.999532 0.200004
